# file names
20170828-332-373-100-200.dat
20170828-332-423-100-200.dat
20170828-332-473-100-200.dat
# initial guess
198.4770456199611	9.486431330061246e-23	0.39393137638028125	7.352136731316563e-5	1754.9943264992921	30000.0	0.36	8.12470075	-100.0	0.001	1.0e-5	-0.029669785714285718
414.1234988143997	1.4835382421027188e-19	1.7149827227028012	0.0011594099675134404	11036.33021659717	30000.0	0.36	32.22938125	-100.0	0.001	1.0e-5	-0.12636450000000002
739.6374526368028	4.899919463266283e-17	5.470635613430587	0.010205184322601504	47048.65747977586	30000.0	0.36	63.2782855	-100.0	0.001	1.0e-5	-1.0636579166666666
# best fit
198.4770456199611	9.486431330061246e-23	0.39393137638028125	7.352136731316563e-5	1754.9943264992921	30000.0	0.36	16.6858225973354	-24.959843844545492	0.0	1.0e-5	-0.029669785714285718
414.1234988143997	1.4835382421027188e-19	1.7149827227028012	0.0011594099675134404	11036.33021659717	30000.0	0.36	44.21286145494406	-38.13020433566719	0.0	1.0e-5	-0.12636450000000002
739.6374526368028	4.899919463266283e-17	5.470635613430587	0.010205184322601504	47048.65747977586	30000.0	0.36	97.05567358960748	-28.440253155601113	-6.0554544523933395e-6	1.0e-5	-1.0636579166666666
# standard error
0.0	0.0	0.0	0.0	0.0	NaN	NaN	NaN	NaN	NaN	0.0	0.0
0.0	0.0	0.0	0.0	0.0	NaN	NaN	NaN	NaN	NaN	0.0	0.0
0.0	0.0	0.0	0.0	0.0	NaN	NaN	NaN	NaN	NaN	0.0	0.0
# reduced χ²
461.9668270578279
# file names
20170828-332-373-100-200.dat
20170828-332-423-100-200.dat
20170828-332-473-100-200.dat
# initial guess
198.4770456199611	9.486431330061246e-23	0.39393137638028125	7.352136731316563e-5	1754.9943264992921	30000.0	0.36	8.12470075	-100.0	0.001	1.0e-5	-0.029669785714285718
414.1234988143997	1.4835382421027188e-19	1.7149827227028012	0.0011594099675134404	11036.33021659717	30000.0	0.36	32.22938125	-100.0	0.001	1.0e-5	-0.12636450000000002
739.6374526368028	4.899919463266283e-17	5.470635613430587	0.010205184322601504	47048.65747977586	30000.0	0.36	63.2782855	-100.0	0.001	1.0e-5	-1.0636579166666666
# best fit
198.4770456199611	9.486431330061246e-23	0.39393137638028125	7.352136731316563e-5	1754.9943264992921	30000.0	0.36	16.6858225973354	-24.959843844545492	0.0	1.0e-5	-0.029669785714285718
414.1234988143997	1.4835382421027188e-19	1.7149827227028012	0.0011594099675134404	11036.33021659717	30000.0	0.36	44.21286145494406	-38.13020433566719	0.0	1.0e-5	-0.12636450000000002
739.6374526368028	4.899919463266283e-17	5.470635613430587	0.010205184322601504	47048.65747977586	30000.0	0.36	97.05567358960748	-28.440253155601113	-6.0554544523933395e-6	1.0e-5	-1.0636579166666666
# standard error
0.0	0.0	0.0	0.0	0.0	NaN	NaN	NaN	NaN	NaN	0.0	0.0
0.0	0.0	0.0	0.0	0.0	NaN	NaN	NaN	NaN	NaN	0.0	0.0
0.0	0.0	0.0	0.0	0.0	NaN	NaN	NaN	NaN	NaN	0.0	0.0
# reduced χ²
461.9668270578279
# file names
20170828-332-373-100-200.dat
20170828-332-423-100-200.dat
20170828-332-473-100-200.dat
# initial guess
198.4770456199611	9.486431330061246e-23	0.39393137638028125	7.352136731316563e-5	1754.9943264992921	30000.0	0.36	8.12470075	-100.0	0.001	1.0e-5	-0.029669785714285718
414.1234988143997	1.4835382421027188e-19	1.7149827227028012	0.0011594099675134404	11036.33021659717	30000.0	0.36	32.22938125	-100.0	0.001	1.0e-5	-0.12636450000000002
739.6374526368028	4.899919463266283e-17	5.470635613430587	0.010205184322601504	47048.65747977586	30000.0	0.36	63.2782855	-100.0	0.001	1.0e-5	-1.0636579166666666
# best fit
198.4770456199611	9.486431330061246e-23	0.39393137638028125	7.352136731316563e-5	1754.9943264992921	30000.0	0.36	16.6858225973354	-24.959843844545492	0.0	1.0e-5	-0.029669785714285718
414.1234988143997	1.4835382421027188e-19	1.7149827227028012	0.0011594099675134404	11036.33021659717	30000.0	0.36	44.21286145494406	-38.13020433566719	0.0	1.0e-5	-0.12636450000000002
739.6374526368028	4.899919463266283e-17	5.470635613430587	0.010205184322601504	47048.65747977586	30000.0	0.36	97.05567358960748	-28.440253155601113	-6.0554544523933395e-6	1.0e-5	-1.0636579166666666
# standard error
0.0	0.0	0.0	0.0	0.0	NaN	NaN	NaN	NaN	NaN	0.0	0.0
0.0	0.0	0.0	0.0	0.0	NaN	NaN	NaN	NaN	NaN	0.0	0.0
0.0	0.0	0.0	0.0	0.0	NaN	NaN	NaN	NaN	NaN	0.0	0.0
# reduced χ²
461.9668270578279
# file names
20201117-111-373-25-50.dat
20201117-111-423-25-50.dat
20201117-111-473-25-50.dat
# initial guess
198.4770456199611	9.486431330061246e-23	0.39393137638028125	7.352136731316563e-5	1754.9943264992921	4.4204050640348025e7	0.5327034287892817	0.7248389516041017	-100.0	0.001	1.0e-5	0.3947313782911697
414.1234988143997	1.4835382421027188e-19	1.7149827227028012	0.0011594099675134404	11036.33021659717	4.4204050640348025e7	0.5327034287892817	3.666781641456347	-100.0	0.001	1.0e-5	0.4479535924455554
739.6374526368028	4.899919463266283e-17	5.470635613430587	0.010205184322601504	47048.65747977586	4.4204050640348025e7	0.5327034287892817	7.510697602953825	-100.0	0.001	1.0e-5	0.32295940234363185
# best fit
198.4770456199611	9.486431330061246e-23	0.39393137638028125	7.352136731316563e-5	1754.9943264992921	4.4204050640348025e7	0.5327034287892817	2.274034537258592	-139.600456033573	0.0369946054905988	1.0e-5	0.3947313782911697
414.1234988143997	1.4835382421027188e-19	1.7149827227028012	0.0011594099675134404	11036.33021659717	4.4204050640348025e7	0.5327034287892817	13.381325578788413	-125.41645533730815	0.012260820706396478	1.0e-5	0.4479535924455554
739.6374526368028	4.899919463266283e-17	5.470635613430587	0.010205184322601504	47048.65747977586	4.4204050640348025e7	0.5327034287892817	29.807539912585483	-112.41624630883453	0.014191826835540445	1.0e-5	0.32295940234363185
# standard error
0.0	0.0	0.0	0.0	0.0	NaN	NaN	NaN	NaN	NaN	0.0	0.0
0.0	0.0	0.0	0.0	0.0	NaN	NaN	NaN	NaN	NaN	0.0	0.0
0.0	0.0	0.0	0.0	0.0	NaN	NaN	NaN	NaN	NaN	0.0	0.0
# reduced χ²
0.09893034092032837
# file names
20201117-111-373-25-50.dat
20201117-111-423-25-50.dat
20201117-111-473-25-50.dat
# initial guess
198.4770456199611	9.486431330061246e-23	0.39393137638028125	7.352136731316563e-5	1754.9943264992921	4.4204050640348025e7	0.5327034287892817	0.7248389516041017	-100.0	0.001	1.0e-5	0.3947313782911697
414.1234988143997	1.4835382421027188e-19	1.7149827227028012	0.0011594099675134404	11036.33021659717	4.4204050640348025e7	0.5327034287892817	3.666781641456347	-100.0	0.001	1.0e-5	0.4479535924455554
739.6374526368028	4.899919463266283e-17	5.470635613430587	0.010205184322601504	47048.65747977586	4.4204050640348025e7	0.5327034287892817	7.510697602953825	-100.0	0.001	1.0e-5	0.32295940234363185
# best fit
198.4770456199611	9.486431330061246e-23	0.39393137638028125	7.352136731316563e-5	1754.9943264992921	4.4204050640348025e7	0.5327034287892817	2.2740345372585273	-139.60045603361613	0.036994605490563104	1.0e-5	0.3947313782911697
414.1234988143997	1.4835382421027188e-19	1.7149827227028012	0.0011594099675134404	11036.33021659717	4.4204050640348025e7	0.5327034287892817	13.381325571254825	-125.41645579167485	0.012260820811969577	1.0e-5	0.4479535924455554
739.6374526368028	4.899919463266283e-17	5.470635613430587	0.010205184322601504	47048.65747977586	4.4204050640348025e7	0.5327034287892817	29.80753991426302	-112.41624630180935	0.014191826833236866	1.0e-5	0.32295940234363185
# standard error
0.0	0.0	0.0	0.0	0.0	NaN	NaN	NaN	NaN	NaN	0.0	0.0
0.0	0.0	0.0	0.0	0.0	NaN	NaN	NaN	NaN	NaN	0.0	0.0
0.0	0.0	0.0	0.0	0.0	NaN	NaN	NaN	NaN	NaN	0.0	0.0
# reduced χ²
0.09893034098539508
# file names
20201117-111-373-25-50.dat
20201117-111-423-25-50.dat
20201117-111-473-25-50.dat
# initial guess
198.4770456199611	9.486431330061246e-23	0.39393137638028125	7.352136731316563e-5	1754.9943264992921	4.4204050640348025e7	0.5327034287892817	0.7248389516041017	-100.0	0.001	1.0e-5	0.3947313782911697
414.1234988143997	1.4835382421027188e-19	1.7149827227028012	0.0011594099675134404	11036.33021659717	4.4204050640348025e7	0.5327034287892817	3.666781641456347	-100.0	0.001	1.0e-5	0.4479535924455554
739.6374526368028	4.899919463266283e-17	5.470635613430587	0.010205184322601504	47048.65747977586	4.4204050640348025e7	0.5327034287892817	7.510697602953825	-100.0	0.001	1.0e-5	0.32295940234363185
# best fit
198.4770456199611	9.486431330061246e-23	0.39393137638028125	7.352136731316563e-5	1754.9943264992921	4.4204050640348025e7	0.5327034287892817	2.2740345372585273	-139.60045603361613	0.036994605490563104	1.0e-5	0.3947313782911697
414.1234988143997	1.4835382421027188e-19	1.7149827227028012	0.0011594099675134404	11036.33021659717	4.4204050640348025e7	0.5327034287892817	13.381325571254825	-125.41645579167485	0.012260820811969577	1.0e-5	0.4479535924455554
739.6374526368028	4.899919463266283e-17	5.470635613430587	0.010205184322601504	47048.65747977586	4.4204050640348025e7	0.5327034287892817	29.80753991426302	-112.41624630180935	0.014191826833236866	1.0e-5	0.32295940234363185
# standard error
0.0	0.0	0.0	0.0	0.0	NaN	NaN	NaN	NaN	NaN	0.0	0.0
0.0	0.0	0.0	0.0	0.0	NaN	NaN	NaN	NaN	NaN	0.0	0.0
0.0	0.0	0.0	0.0	0.0	NaN	NaN	NaN	NaN	NaN	0.0	0.0
# reduced χ²
0.09893034098539508
# file names
20201117-111-373-25-50.dat
20201117-111-423-25-50.dat
20201117-111-473-25-50.dat
# initial guess
198.4770456199611	9.486431330061246e-23	0.39393137638028125	7.352136731316563e-5	1754.9943264992921	4.4204050640348025e7	0.5327034287892817	0.7248389516041017	-100.0	0.001	1.0e-5	0.3947313782911697
414.1234988143997	1.4835382421027188e-19	1.7149827227028012	0.0011594099675134404	11036.33021659717	4.4204050640348025e7	0.5327034287892817	3.666781641456347	-100.0	0.001	1.0e-5	0.4479535924455554
739.6374526368028	4.899919463266283e-17	5.470635613430587	0.010205184322601504	47048.65747977586	4.4204050640348025e7	0.5327034287892817	7.510697602953825	-100.0	0.001	1.0e-5	0.32295940234363185
# best fit
198.4770456199611	9.486431330061246e-23	0.39393137638028125	7.352136731316563e-5	1754.9943264992921	4.4204050640348025e7	0.5327034287892817	2.2740345372585273	-139.60045603361613	0.036994605490563104	1.0e-5	0.3947313782911697
414.1234988143997	1.4835382421027188e-19	1.7149827227028012	0.0011594099675134404	11036.33021659717	4.4204050640348025e7	0.5327034287892817	13.381325571254825	-125.41645579167485	0.012260820811969577	1.0e-5	0.4479535924455554
739.6374526368028	4.899919463266283e-17	5.470635613430587	0.010205184322601504	47048.65747977586	4.4204050640348025e7	0.5327034287892817	29.80753991426302	-112.41624630180935	0.014191826833236866	1.0e-5	0.32295940234363185
# standard error
0.0	0.0	0.0	0.0	0.0	NaN	NaN	NaN	NaN	NaN	0.0	0.0
0.0	0.0	0.0	0.0	0.0	NaN	NaN	NaN	NaN	NaN	0.0	0.0
0.0	0.0	0.0	0.0	0.0	NaN	NaN	NaN	NaN	NaN	0.0	0.0
# reduced χ²
0.09893034098539508
# file names
20201117-111-373-25-50.dat
20201117-111-423-25-50.dat
20201117-111-473-25-50.dat
# initial guess
198.4770456199611	9.486431330061246e-23	0.39393137638028125	7.352136731316563e-5	1754.9943264992921	4.4204050640348025e7	0.5327034287892817	0.7248389516041017	-100.0	0.001	1.0e-5	0.3947313782911697
414.1234988143997	1.4835382421027188e-19	1.7149827227028012	0.0011594099675134404	11036.33021659717	4.4204050640348025e7	0.5327034287892817	3.666781641456347	-100.0	0.001	1.0e-5	0.4479535924455554
739.6374526368028	4.899919463266283e-17	5.470635613430587	0.010205184322601504	47048.65747977586	4.4204050640348025e7	0.5327034287892817	7.510697602953825	-100.0	0.001	1.0e-5	0.32295940234363185
# best fit
198.4770456199611	9.486431330061246e-23	0.39393137638028125	7.352136731316563e-5	1754.9943264992921	4.4204050640348025e7	0.5327034287892817	2.2740345372585273	-139.60045603361613	0.036994605490563104	1.0e-5	0.3947313782911697
414.1234988143997	1.4835382421027188e-19	1.7149827227028012	0.0011594099675134404	11036.33021659717	4.4204050640348025e7	0.5327034287892817	13.381325571254825	-125.41645579167485	0.012260820811969577	1.0e-5	0.4479535924455554
739.6374526368028	4.899919463266283e-17	5.470635613430587	0.010205184322601504	47048.65747977586	4.4204050640348025e7	0.5327034287892817	29.80753991426302	-112.41624630180935	0.014191826833236866	1.0e-5	0.32295940234363185
# standard error
# file names
20201117-111-373-25-50.dat
20201117-111-423-25-50.dat
20201117-111-473-25-50.dat
# initial guess
198.4770456199611	9.486431330061246e-23	0.39393137638028125	7.352136731316563e-5	1754.9943264992921	4.4204050640348025e7	0.5327034287892817	0.7248389516041017	-100.0	0.001	1.0e-5	0.3947313782911697
414.1234988143997	1.4835382421027188e-19	1.7149827227028012	0.0011594099675134404	11036.33021659717	4.4204050640348025e7	0.5327034287892817	3.666781641456347	-100.0	0.001	1.0e-5	0.4479535924455554
739.6374526368028	4.899919463266283e-17	5.470635613430587	0.010205184322601504	47048.65747977586	4.4204050640348025e7	0.5327034287892817	7.510697602953825	-100.0	0.001	1.0e-5	0.32295940234363185
# best fit
198.4770456199611	9.486431330061246e-23	0.39393137638028125	7.352136731316563e-5	1754.9943264992921	4.4204050640348025e7	0.5327034287892817	2.2740345372585273	-139.60045603361613	0.036994605490563104	1.0e-5	0.3947313782911697
414.1234988143997	1.4835382421027188e-19	1.7149827227028012	0.0011594099675134404	11036.33021659717	4.4204050640348025e7	0.5327034287892817	13.381325571254825	-125.41645579167485	0.012260820811969577	1.0e-5	0.4479535924455554
739.6374526368028	4.899919463266283e-17	5.470635613430587	0.010205184322601504	47048.65747977586	4.4204050640348025e7	0.5327034287892817	29.80753991426302	-112.41624630180935	0.014191826833236866	1.0e-5	0.32295940234363185
# standard error
# file names
20201117-111-373-25-50.dat
20201117-111-423-25-50.dat
20201117-111-473-25-50.dat
# initial guess
198.4770456199611	9.486431330061246e-23	0.39393137638028125	7.352136731316563e-5	1754.9943264992921	4.4204050640348025e7	0.5327034287892817	0.7248389516041017	-100.0	0.001	1.0e-5	0.3947313782911697
414.1234988143997	1.4835382421027188e-19	1.7149827227028012	0.0011594099675134404	11036.33021659717	4.4204050640348025e7	0.5327034287892817	3.666781641456347	-100.0	0.001	1.0e-5	0.4479535924455554
739.6374526368028	4.899919463266283e-17	5.470635613430587	0.010205184322601504	47048.65747977586	4.4204050640348025e7	0.5327034287892817	7.510697602953825	-100.0	0.001	1.0e-5	0.32295940234363185
# best fit
198.4770456199611	9.486431330061246e-23	0.39393137638028125	7.352136731316563e-5	1754.9943264992921	4.4204050640348025e7	0.5327034287892817	2.2740345372585273	-139.60045603361613	0.036994605490563104	1.0e-5	0.3947313782911697
414.1234988143997	1.4835382421027188e-19	1.7149827227028012	0.0011594099675134404	11036.33021659717	4.4204050640348025e7	0.5327034287892817	13.381325571254825	-125.41645579167485	0.012260820811969577	1.0e-5	0.4479535924455554
739.6374526368028	4.899919463266283e-17	5.470635613430587	0.010205184322601504	47048.65747977586	4.4204050640348025e7	0.5327034287892817	29.80753991426302	-112.41624630180935	0.014191826833236866	1.0e-5	0.32295940234363185
# standard error
0.0	0.0	0.0	0.0	0.0	NaN	NaN	NaN	NaN	NaN	0.0	0.0
0.0	0.0	0.0	0.0	0.0	NaN	NaN	NaN	NaN	NaN	0.0	0.0
0.0	0.0	0.0	0.0	0.0	NaN	NaN	NaN	NaN	NaN	0.0	0.0
# reduced χ²
0.09893034098539508
# file names
20201117-111-373-25-50.dat
20201117-111-423-25-50.dat
20201117-111-473-25-50.dat
# initial guess
198.4770456199611	9.486431330061246e-23	0.39393137638028125	7.352136731316563e-5	1754.9943264992921	4.4204050640348025e7	0.5327034287892817	0.7248389516041017	-100.0	0.001	1.0e-5	0.3947313782911697
414.1234988143997	1.4835382421027188e-19	1.7149827227028012	0.0011594099675134404	11036.33021659717	4.4204050640348025e7	0.5327034287892817	3.666781641456347	-100.0	0.001	1.0e-5	0.4479535924455554
739.6374526368028	4.899919463266283e-17	5.470635613430587	0.010205184322601504	47048.65747977586	4.4204050640348025e7	0.5327034287892817	7.510697602953825	-100.0	0.001	1.0e-5	0.32295940234363185
# best fit
198.4770456199611	9.486431330061246e-23	0.39393137638028125	7.352136731316563e-5	1754.9943264992921	4.4204050640348025e7	0.5327034287892817	2.2740345372585273	-139.60045603361613	0.036994605490563104	1.0e-5	0.3947313782911697
414.1234988143997	1.4835382421027188e-19	1.7149827227028012	0.0011594099675134404	11036.33021659717	4.4204050640348025e7	0.5327034287892817	13.381325571254825	-125.41645579167485	0.012260820811969577	1.0e-5	0.4479535924455554
739.6374526368028	4.899919463266283e-17	5.470635613430587	0.010205184322601504	47048.65747977586	4.4204050640348025e7	0.5327034287892817	29.80753991426302	-112.41624630180935	0.014191826833236866	1.0e-5	0.32295940234363185
# standard error
0.0	0.0	0.0	0.0	0.0	NaN	NaN	NaN	NaN	NaN	0.0	0.0
0.0	0.0	0.0	0.0	0.0	NaN	NaN	NaN	NaN	NaN	0.0	0.0
0.0	0.0	0.0	0.0	0.0	NaN	NaN	NaN	NaN	NaN	0.0	0.0
# reduced χ²
0.09893034098539508
# file names
20201117-111-373-25-50.dat
20201117-111-423-25-50.dat
20201117-111-473-25-50.dat
# initial guess
198.4770456199611	9.486431330061246e-23	0.39393137638028125	7.352136731316563e-5	1754.9943264992921	4.4204050640348025e7	0.5327034287892817	0.7248389516041017	-100.0	0.001	1.0e-5	0.3947313782911697
414.1234988143997	1.4835382421027188e-19	1.7149827227028012	0.0011594099675134404	11036.33021659717	4.4204050640348025e7	0.5327034287892817	3.666781641456347	-100.0	0.001	1.0e-5	0.4479535924455554
739.6374526368028	4.899919463266283e-17	5.470635613430587	0.010205184322601504	47048.65747977586	4.4204050640348025e7	0.5327034287892817	7.510697602953825	-100.0	0.001	1.0e-5	0.32295940234363185
# best fit
198.4770456199611	9.486431330061246e-23	0.39393137638028125	7.352136731316563e-5	1754.9943264992921	4.4204050640348025e7	0.5327034287892817	2.2740345372585273	-139.60045603361613	0.036994605490563104	1.0e-5	0.3947313782911697
414.1234988143997	1.4835382421027188e-19	1.7149827227028012	0.0011594099675134404	11036.33021659717	4.4204050640348025e7	0.5327034287892817	13.381325571254825	-125.41645579167485	0.012260820811969577	1.0e-5	0.4479535924455554
739.6374526368028	4.899919463266283e-17	5.470635613430587	0.010205184322601504	47048.65747977586	4.4204050640348025e7	0.5327034287892817	29.80753991426302	-112.41624630180935	0.014191826833236866	1.0e-5	0.32295940234363185
# standard error
0.0	0.0	0.0	0.0	0.0	NaN	NaN	NaN	NaN	NaN	0.0	0.0
0.0	0.0	0.0	0.0	0.0	NaN	NaN	NaN	NaN	NaN	0.0	0.0
0.0	0.0	0.0	0.0	0.0	NaN	NaN	NaN	NaN	NaN	0.0	0.0
# reduced χ²
0.09893034098539508
# file names
20201117-111-373-25-50.dat
20201117-111-423-25-50.dat
20201117-111-473-25-50.dat
# initial guess
198.4770456199611	9.486431330061246e-23	0.39393137638028125	7.352136731316563e-5	1754.9943264992921	4.4204050640348025e7	0.5327034287892817	0.7248389516041017	-100.0	0.001	1.0e-5	0.3947313782911697
414.1234988143997	1.4835382421027188e-19	1.7149827227028012	0.0011594099675134404	11036.33021659717	4.4204050640348025e7	0.5327034287892817	3.666781641456347	-100.0	0.001	1.0e-5	0.4479535924455554
739.6374526368028	4.899919463266283e-17	5.470635613430587	0.010205184322601504	47048.65747977586	4.4204050640348025e7	0.5327034287892817	7.510697602953825	-100.0	0.001	1.0e-5	0.32295940234363185
# best fit
198.4770456199611	9.486431330061246e-23	0.39393137638028125	7.352136731316563e-5	1754.9943264992921	4.4204050640348025e7	0.5327034287892817	2.2740345372585273	-139.60045603361613	0.036994605490563104	1.0e-5	0.3947313782911697
414.1234988143997	1.4835382421027188e-19	1.7149827227028012	0.0011594099675134404	11036.33021659717	4.4204050640348025e7	0.5327034287892817	13.381325571254825	-125.41645579167485	0.012260820811969577	1.0e-5	0.4479535924455554
739.6374526368028	4.899919463266283e-17	5.470635613430587	0.010205184322601504	47048.65747977586	4.4204050640348025e7	0.5327034287892817	29.80753991426302	-112.41624630180935	0.014191826833236866	1.0e-5	0.32295940234363185
# standard error
0.0	0.0	0.0	0.0	0.0	NaN	NaN	NaN	NaN	NaN	0.0	0.0
0.0	0.0	0.0	0.0	0.0	NaN	NaN	NaN	NaN	NaN	0.0	0.0
0.0	0.0	0.0	0.0	0.0	NaN	NaN	NaN	NaN	NaN	0.0	0.0
# reduced χ²
0.09893034098539508
# file names
20201117-111-373-25-50.dat
20201117-111-423-25-50.dat
20201117-111-473-25-50.dat
# initial guess
198.4770456199611	9.486431330061246e-23	0.39393137638028125	7.352136731316563e-5	1754.9943264992921	4.4204050640348025e7	0.15327034287892816	0.7248389516041017	-100.0	0.001	1.0e-5	0.3947313782911697
414.1234988143997	1.4835382421027188e-19	1.7149827227028012	0.0011594099675134404	11036.33021659717	4.4204050640348025e7	0.15327034287892816	3.666781641456347	-100.0	0.001	1.0e-5	0.4479535924455554
739.6374526368028	4.899919463266283e-17	5.470635613430587	0.010205184322601504	47048.65747977586	4.4204050640348025e7	0.15327034287892816	7.510697602953825	-100.0	0.001	1.0e-5	0.32295940234363185
# best fit
198.4770456199611	9.486431330061246e-23	0.39393137638028125	7.352136731316563e-5	1754.9943264992921	4.4204050640348025e7	0.15327034287892816	2.9640037523841154	-65.62469202985275	0.15828015738986093	1.0e-5	0.3947313782911697
414.1234988143997	1.4835382421027188e-19	1.7149827227028012	0.0011594099675134404	11036.33021659717	4.4204050640348025e7	0.15327034287892816	18.298892109813952	-86.8583814776827	0.033178519216957546	1.0e-5	0.4479535924455554
739.6374526368028	4.899919463266283e-17	5.470635613430587	0.010205184322601504	47048.65747977586	4.4204050640348025e7	0.15327034287892816	33.18133368092977	-93.289158278795	0.021135577979389416	1.0e-5	0.32295940234363185
# standard error
0.0	0.0	0.0	0.0	0.0	NaN	NaN	NaN	NaN	NaN	0.0	0.0
0.0	0.0	0.0	0.0	0.0	NaN	NaN	NaN	NaN	NaN	0.0	0.0
0.0	0.0	0.0	0.0	0.0	NaN	NaN	NaN	NaN	NaN	0.0	0.0
# reduced χ²
0.7370766830645727
# file names
20201117-111-373-25-50.dat
20201117-111-423-25-50.dat
20201117-111-473-25-50.dat
# initial guess
198.4770456199611	9.486431330061246e-23	0.39393137638028125	7.352136731316563e-5	1754.9943264992921	4.4204050640348025e7	0.15327034287892816	0.7248389516041017	-100.0	0.001	1.0e-5	0.3947313782911697
414.1234988143997	1.4835382421027188e-19	1.7149827227028012	0.0011594099675134404	11036.33021659717	4.4204050640348025e7	0.15327034287892816	3.666781641456347	-100.0	0.001	1.0e-5	0.4479535924455554
739.6374526368028	4.899919463266283e-17	5.470635613430587	0.010205184322601504	47048.65747977586	4.4204050640348025e7	0.15327034287892816	7.510697602953825	-100.0	0.001	1.0e-5	0.32295940234363185
# best fit
198.4770456199611	9.486431330061246e-23	0.39393137638028125	7.352136731316563e-5	1754.9943264992921	4.4204050640348025e7	0.15327034287892816	2.9640037523841154	-65.62469202985275	0.15828015738986093	1.0e-5	0.3947313782911697
414.1234988143997	1.4835382421027188e-19	1.7149827227028012	0.0011594099675134404	11036.33021659717	4.4204050640348025e7	0.15327034287892816	18.298892109813952	-86.8583814776827	0.033178519216957546	1.0e-5	0.4479535924455554
739.6374526368028	4.899919463266283e-17	5.470635613430587	0.010205184322601504	47048.65747977586	4.4204050640348025e7	0.15327034287892816	33.18133368092977	-93.289158278795	0.021135577979389416	1.0e-5	0.32295940234363185
# standard error
0.0	0.0	0.0	0.0	0.0	NaN	NaN	NaN	NaN	NaN	0.0	0.0
0.0	0.0	0.0	0.0	0.0	NaN	NaN	NaN	NaN	NaN	0.0	0.0
0.0	0.0	0.0	0.0	0.0	NaN	NaN	NaN	NaN	NaN	0.0	0.0
# reduced χ²
0.7370766830645727
# file names
20201117-111-373-25-50.dat
20201117-111-423-25-50.dat
20201117-111-473-25-50.dat
# initial guess
198.4770456199611	9.486431330061246e-23	0.39393137638028125	7.352136731316563e-5	1754.9943264992921	4.4204050640348025e7	0.15327034287892816	0.7248389516041017	-100.0	0.001	1.0e-5	0.3947313782911697
414.1234988143997	1.4835382421027188e-19	1.7149827227028012	0.0011594099675134404	11036.33021659717	4.4204050640348025e7	0.15327034287892816	3.666781641456347	-100.0	0.001	1.0e-5	0.4479535924455554
739.6374526368028	4.899919463266283e-17	5.470635613430587	0.010205184322601504	47048.65747977586	4.4204050640348025e7	0.15327034287892816	7.510697602953825	-100.0	0.001	1.0e-5	0.32295940234363185
# best fit
198.4770456199611	9.486431330061246e-23	0.39393137638028125	7.352136731316563e-5	1754.9943264992921	4.4204050640348025e7	0.15327034287892816	2.9640037523841154	-65.62469202985275	0.15828015738986093	1.0e-5	0.3947313782911697
414.1234988143997	1.4835382421027188e-19	1.7149827227028012	0.0011594099675134404	11036.33021659717	4.4204050640348025e7	0.15327034287892816	18.298892109813952	-86.8583814776827	0.033178519216957546	1.0e-5	0.4479535924455554
739.6374526368028	4.899919463266283e-17	5.470635613430587	0.010205184322601504	47048.65747977586	4.4204050640348025e7	0.15327034287892816	33.18133368092977	-93.289158278795	0.021135577979389416	1.0e-5	0.32295940234363185
# standard error
0.0	0.0	0.0	0.0	0.0	NaN	NaN	NaN	NaN	NaN	0.0	0.0
0.0	0.0	0.0	0.0	0.0	NaN	NaN	NaN	NaN	NaN	0.0	0.0
0.0	0.0	0.0	0.0	0.0	NaN	NaN	NaN	NaN	NaN	0.0	0.0
# reduced χ²
0.7370766830645727
# file names
20201117-111-373-25-50.dat
20201117-111-423-25-50.dat
20201117-111-473-25-50.dat
# initial guess
198.4770456199611	9.486431330061246e-23	0.39393137638028125	7.352136731316563e-5	1754.9943264992921	4.4204050640348025e7	0.15327034287892816	0.7248389516041017	-100.0	0.001	1.0e-5	0.3947313782911697
414.1234988143997	1.4835382421027188e-19	1.7149827227028012	0.0011594099675134404	11036.33021659717	4.4204050640348025e7	0.15327034287892816	3.666781641456347	-100.0	0.001	1.0e-5	0.4479535924455554
739.6374526368028	4.899919463266283e-17	5.470635613430587	0.010205184322601504	47048.65747977586	4.4204050640348025e7	0.15327034287892816	7.510697602953825	-100.0	0.001	1.0e-5	0.32295940234363185
# best fit
198.4770456199611	9.486431330061246e-23	0.39393137638028125	7.352136731316563e-5	1754.9943264992921	4.4204050640348025e7	0.15327034287892816	2.9640037523841154	-65.62469202985275	0.15828015738986093	1.0e-5	0.3947313782911697
414.1234988143997	1.4835382421027188e-19	1.7149827227028012	0.0011594099675134404	11036.33021659717	4.4204050640348025e7	0.15327034287892816	18.298892109813952	-86.8583814776827	0.033178519216957546	1.0e-5	0.4479535924455554
739.6374526368028	4.899919463266283e-17	5.470635613430587	0.010205184322601504	47048.65747977586	4.4204050640348025e7	0.15327034287892816	33.18133368092977	-93.289158278795	0.021135577979389416	1.0e-5	0.32295940234363185
# standard error
0.0	0.0	0.0	0.0	0.0	NaN	NaN	NaN	NaN	NaN	0.0	0.0
0.0	0.0	0.0	0.0	0.0	NaN	NaN	NaN	NaN	NaN	0.0	0.0
0.0	0.0	0.0	0.0	0.0	NaN	NaN	NaN	NaN	NaN	0.0	0.0
# reduced χ²
0.7370766830645727
# file names
20201117-111-373-25-50.dat
20201117-111-423-25-50.dat
20201117-111-473-25-50.dat
# initial guess
198.4770456199611	9.486431330061246e-23	0.39393137638028125	7.352136731316563e-5	1754.9943264992921	4.4204050640348025e7	0.15327034287892816	0.7248389516041017	-100.0	0.001	1.0e-5	0.3947313782911697
414.1234988143997	1.4835382421027188e-19	1.7149827227028012	0.0011594099675134404	11036.33021659717	4.4204050640348025e7	0.15327034287892816	3.666781641456347	-100.0	0.001	1.0e-5	0.4479535924455554
739.6374526368028	4.899919463266283e-17	5.470635613430587	0.010205184322601504	47048.65747977586	4.4204050640348025e7	0.15327034287892816	7.510697602953825	-100.0	0.001	1.0e-5	0.32295940234363185
# best fit
198.4770456199611	9.486431330061246e-23	0.39393137638028125	7.352136731316563e-5	1754.9943264992921	4.4204050640348025e7	0.15327034287892816	2.9640037523841154	-65.62469202985275	0.15828015738986093	1.0e-5	0.3947313782911697
414.1234988143997	1.4835382421027188e-19	1.7149827227028012	0.0011594099675134404	11036.33021659717	4.4204050640348025e7	0.15327034287892816	18.298892109813952	-86.8583814776827	0.033178519216957546	1.0e-5	0.4479535924455554
739.6374526368028	4.899919463266283e-17	5.470635613430587	0.010205184322601504	47048.65747977586	4.4204050640348025e7	0.15327034287892816	33.18133368092977	-93.289158278795	0.021135577979389416	1.0e-5	0.32295940234363185
# standard error
0.0	0.0	0.0	0.0	0.0	NaN	NaN	NaN	NaN	NaN	0.0	0.0
0.0	0.0	0.0	0.0	0.0	NaN	NaN	NaN	NaN	NaN	0.0	0.0
0.0	0.0	0.0	0.0	0.0	NaN	NaN	NaN	NaN	NaN	0.0	0.0
# reduced χ²
0.7370766830645727
# file names
20201117-111-373-25-50.dat
20201117-111-423-25-50.dat
20201117-111-473-25-50.dat
# initial guess
198.4770456199611	9.486431330061246e-23	0.39393137638028125	7.352136731316563e-5	1754.9943264992921	4.4204050640348025e7	0.15327034287892816	0.7248389516041017	-100.0	0.001	1.0e-5	0.3947313782911697
414.1234988143997	1.4835382421027188e-19	1.7149827227028012	0.0011594099675134404	11036.33021659717	4.4204050640348025e7	0.15327034287892816	3.666781641456347	-100.0	0.001	1.0e-5	0.4479535924455554
739.6374526368028	4.899919463266283e-17	5.470635613430587	0.010205184322601504	47048.65747977586	4.4204050640348025e7	0.15327034287892816	7.510697602953825	-100.0	0.001	1.0e-5	0.32295940234363185
# best fit
198.4770456199611	9.486431330061246e-23	0.39393137638028125	7.352136731316563e-5	1754.9943264992921	4.4204050640348025e7	0.15327034287892816	2.9640037523841154	-65.62469202985275	0.15828015738986093	1.0e-5	0.3947313782911697
414.1234988143997	1.4835382421027188e-19	1.7149827227028012	0.0011594099675134404	11036.33021659717	4.4204050640348025e7	0.15327034287892816	18.298892109813952	-86.8583814776827	0.033178519216957546	1.0e-5	0.4479535924455554
739.6374526368028	4.899919463266283e-17	5.470635613430587	0.010205184322601504	47048.65747977586	4.4204050640348025e7	0.15327034287892816	33.18133368092977	-93.289158278795	0.021135577979389416	1.0e-5	0.32295940234363185
# standard error
0.0	0.0	0.0	0.0	0.0	NaN	NaN	NaN	NaN	NaN	0.0	0.0
0.0	0.0	0.0	0.0	0.0	NaN	NaN	NaN	NaN	NaN	0.0	0.0
0.0	0.0	0.0	0.0	0.0	NaN	NaN	NaN	NaN	NaN	0.0	0.0
# reduced χ²
0.7370766830645727
# file names
20201117-111-373-25-50.dat
20201117-111-423-25-50.dat
20201117-111-473-25-50.dat
# initial guess
198.4770456199611	9.486431330061246e-23	0.39393137638028125	7.352136731316563e-5	1754.9943264992921	4.4204050640348025e7	0.15327034287892816	0.7248389516041017	-100.0	0.001	1.0e-5	0.3947313782911697
414.1234988143997	1.4835382421027188e-19	1.7149827227028012	0.0011594099675134404	11036.33021659717	4.4204050640348025e7	0.15327034287892816	3.666781641456347	-100.0	0.001	1.0e-5	0.4479535924455554
739.6374526368028	4.899919463266283e-17	5.470635613430587	0.010205184322601504	47048.65747977586	4.4204050640348025e7	0.15327034287892816	7.510697602953825	-100.0	0.001	1.0e-5	0.32295940234363185
# best fit
198.4770456199611	9.486431330061246e-23	0.39393137638028125	7.352136731316563e-5	1754.9943264992921	4.4204050640348025e7	0.15327034287892816	2.9640037523841154	-65.62469202985275	0.15828015738986093	1.0e-5	0.3947313782911697
414.1234988143997	1.4835382421027188e-19	1.7149827227028012	0.0011594099675134404	11036.33021659717	4.4204050640348025e7	0.15327034287892816	18.298892109813952	-86.8583814776827	0.033178519216957546	1.0e-5	0.4479535924455554
739.6374526368028	4.899919463266283e-17	5.470635613430587	0.010205184322601504	47048.65747977586	4.4204050640348025e7	0.15327034287892816	33.18133368092977	-93.289158278795	0.021135577979389416	1.0e-5	0.32295940234363185
# standard error
0.0	0.0	0.0	0.0	0.0	NaN	NaN	NaN	NaN	NaN	0.0	0.0
0.0	0.0	0.0	0.0	0.0	NaN	NaN	NaN	NaN	NaN	0.0	0.0
0.0	0.0	0.0	0.0	0.0	NaN	NaN	NaN	NaN	NaN	0.0	0.0
# reduced χ²
0.7370766830645727
# file names
20201117-111-373-25-50.dat
20201117-111-423-25-50.dat
20201117-111-473-25-50.dat
# initial guess
198.4770456199611	9.486431330061246e-23	0.39393137638028125	7.352136731316563e-5	1754.9943264992921	4.4204050640348025e7	0.15327034287892816	0.7248389516041017	-100.0	0.001	1.0e-5	0.3947313782911697
414.1234988143997	1.4835382421027188e-19	1.7149827227028012	0.0011594099675134404	11036.33021659717	4.4204050640348025e7	0.15327034287892816	3.666781641456347	-100.0	0.001	1.0e-5	0.4479535924455554
739.6374526368028	4.899919463266283e-17	5.470635613430587	0.010205184322601504	47048.65747977586	4.4204050640348025e7	0.15327034287892816	7.510697602953825	-100.0	0.001	1.0e-5	0.32295940234363185
# best fit
198.4770456199611	9.486431330061246e-23	0.39393137638028125	7.352136731316563e-5	1754.9943264992921	4.4204050640348025e7	0.15327034287892816	2.9640037523841154	-65.62469202985275	0.15828015738986093	1.0e-5	0.3947313782911697
414.1234988143997	1.4835382421027188e-19	1.7149827227028012	0.0011594099675134404	11036.33021659717	4.4204050640348025e7	0.15327034287892816	18.298892109813952	-86.8583814776827	0.033178519216957546	1.0e-5	0.4479535924455554
739.6374526368028	4.899919463266283e-17	5.470635613430587	0.010205184322601504	47048.65747977586	4.4204050640348025e7	0.15327034287892816	33.18133368092977	-93.289158278795	0.021135577979389416	1.0e-5	0.32295940234363185
# standard error
0.0	0.0	0.0	0.0	0.0	NaN	NaN	NaN	NaN	NaN	0.0	0.0
0.0	0.0	0.0	0.0	0.0	NaN	NaN	NaN	NaN	NaN	0.0	0.0
0.0	0.0	0.0	0.0	0.0	NaN	NaN	NaN	NaN	NaN	0.0	0.0
# reduced χ²
0.7370766830645727
# file names
20201117-111-373-25-50.dat
20201117-111-423-25-50.dat
20201117-111-473-25-50.dat
# initial guess
198.4770456199611	9.486431330061246e-23	0.39393137638028125	7.352136731316563e-5	1754.9943264992921	4.4204050640348025e7	0.15327034287892816	0.7248389516041017	-100.0	0.001	1.0e-5	0.3947313782911697
414.1234988143997	1.4835382421027188e-19	1.7149827227028012	0.0011594099675134404	11036.33021659717	4.4204050640348025e7	0.15327034287892816	3.666781641456347	-100.0	0.001	1.0e-5	0.4479535924455554
739.6374526368028	4.899919463266283e-17	5.470635613430587	0.010205184322601504	47048.65747977586	4.4204050640348025e7	0.15327034287892816	7.510697602953825	-100.0	0.001	1.0e-5	0.32295940234363185
# best fit
198.4770456199611	9.486431330061246e-23	0.39393137638028125	7.352136731316563e-5	1754.9943264992921	4.4204050640348025e7	0.15327034287892816	2.9640037523841154	-65.62469202985275	0.15828015738986093	1.0e-5	0.3947313782911697
414.1234988143997	1.4835382421027188e-19	1.7149827227028012	0.0011594099675134404	11036.33021659717	4.4204050640348025e7	0.15327034287892816	18.298892109813952	-86.8583814776827	0.033178519216957546	1.0e-5	0.4479535924455554
739.6374526368028	4.899919463266283e-17	5.470635613430587	0.010205184322601504	47048.65747977586	4.4204050640348025e7	0.15327034287892816	33.18133368092977	-93.289158278795	0.021135577979389416	1.0e-5	0.32295940234363185
# standard error
0.0	0.0	0.0	0.0	0.0	NaN	NaN	NaN	NaN	NaN	0.0	0.0
0.0	0.0	0.0	0.0	0.0	NaN	NaN	NaN	NaN	NaN	0.0	0.0
0.0	0.0	0.0	0.0	0.0	NaN	NaN	NaN	NaN	NaN	0.0	0.0
# reduced χ²
0.7370766830645727
# file names
20201117-111-373-25-50.dat
20201117-111-423-25-50.dat
20201117-111-473-25-50.dat
# initial guess
198.4770456199611	9.486431330061246e-23	0.39393137638028125	7.352136731316563e-5	1754.9943264992921	4.4204050640348025e7	0.15327034287892816	0.7248389516041017	-100.0	0.001	1.0e-5	0.3947313782911697
414.1234988143997	1.4835382421027188e-19	1.7149827227028012	0.0011594099675134404	11036.33021659717	4.4204050640348025e7	0.15327034287892816	3.666781641456347	-100.0	0.001	1.0e-5	0.4479535924455554
739.6374526368028	4.899919463266283e-17	5.470635613430587	0.010205184322601504	47048.65747977586	4.4204050640348025e7	0.15327034287892816	7.510697602953825	-100.0	0.001	1.0e-5	0.32295940234363185
# best fit
198.4770456199611	9.486431330061246e-23	0.39393137638028125	7.352136731316563e-5	1754.9943264992921	4.4204050640348025e7	0.15327034287892816	2.9640037523841154	-65.62469202985275	0.15828015738986093	1.0e-5	0.3947313782911697
414.1234988143997	1.4835382421027188e-19	1.7149827227028012	0.0011594099675134404	11036.33021659717	4.4204050640348025e7	0.15327034287892816	18.298892109813952	-86.8583814776827	0.033178519216957546	1.0e-5	0.4479535924455554
739.6374526368028	4.899919463266283e-17	5.470635613430587	0.010205184322601504	47048.65747977586	4.4204050640348025e7	0.15327034287892816	33.18133368092977	-93.289158278795	0.021135577979389416	1.0e-5	0.32295940234363185
# standard error
0.0	0.0	0.0	0.0	0.0	NaN	NaN	NaN	NaN	NaN	0.0	0.0
0.0	0.0	0.0	0.0	0.0	NaN	NaN	NaN	NaN	NaN	0.0	0.0
0.0	0.0	0.0	0.0	0.0	NaN	NaN	NaN	NaN	NaN	0.0	0.0
# reduced χ²
0.7370766830645727
# file names
20201117-111-373-25-50.dat
20201117-111-423-25-50.dat
20201117-111-473-25-50.dat
# initial guess
198.4770456199611	9.486431330061246e-23	0.39393137638028125	7.352136731316563e-5	1754.9943264992921	4.4204050640348025e7	0.15327034287892816	0.7248389516041017	-100.0	0.001	1.0e-5	0.3947313782911697
414.1234988143997	1.4835382421027188e-19	1.7149827227028012	0.0011594099675134404	11036.33021659717	4.4204050640348025e7	0.15327034287892816	3.666781641456347	-100.0	0.001	1.0e-5	0.4479535924455554
739.6374526368028	4.899919463266283e-17	5.470635613430587	0.010205184322601504	47048.65747977586	4.4204050640348025e7	0.15327034287892816	7.510697602953825	-100.0	0.001	1.0e-5	0.32295940234363185
# best fit
198.4770456199611	9.486431330061246e-23	0.39393137638028125	7.352136731316563e-5	1754.9943264992921	4.4204050640348025e7	0.15327034287892816	2.9640037523841154	-65.62469202985275	0.15828015738986093	1.0e-5	0.3947313782911697
414.1234988143997	1.4835382421027188e-19	1.7149827227028012	0.0011594099675134404	11036.33021659717	4.4204050640348025e7	0.15327034287892816	18.298892109813952	-86.8583814776827	0.033178519216957546	1.0e-5	0.4479535924455554
739.6374526368028	4.899919463266283e-17	5.470635613430587	0.010205184322601504	47048.65747977586	4.4204050640348025e7	0.15327034287892816	33.18133368092977	-93.289158278795	0.021135577979389416	1.0e-5	0.32295940234363185
# standard error
0.0	0.0	0.0	0.0	0.0	NaN	NaN	NaN	NaN	NaN	0.0	0.0
0.0	0.0	0.0	0.0	0.0	NaN	NaN	NaN	NaN	NaN	0.0	0.0
0.0	0.0	0.0	0.0	0.0	NaN	NaN	NaN	NaN	NaN	0.0	0.0
# reduced χ²
0.7370766830645727
# file names
20201117-111-373-25-50.dat
20201117-111-423-25-50.dat
20201117-111-473-25-50.dat
# initial guess
198.4770456199611	9.486431330061246e-23	0.39393137638028125	7.352136731316563e-5	1754.9943264992921	4.4204050640348027e-7	0.5327034287892817	0.7248389516041017	-100.0	0.001	1.0e-5	0.3947313782911697
414.1234988143997	1.4835382421027188e-19	1.7149827227028012	0.0011594099675134404	11036.33021659717	4.4204050640348027e-7	0.5327034287892817	3.666781641456347	-100.0	0.001	1.0e-5	0.4479535924455554
739.6374526368028	4.899919463266283e-17	5.470635613430587	0.010205184322601504	47048.65747977586	4.4204050640348027e-7	0.5327034287892817	7.510697602953825	-100.0	0.001	1.0e-5	0.32295940234363185
# best fit
198.4770456199611	9.486431330061246e-23	0.39393137638028125	7.352136731316563e-5	1754.9943264992921	4.4204050640348027e-7	0.5327034287892817	1.0087699629830567	-200.0	0.0	1.0e-5	0.3947313782911697
414.1234988143997	1.4835382421027188e-19	1.7149827227028012	0.0011594099675134404	11036.33021659717	4.4204050640348027e-7	0.5327034287892817	3.9833544608586196	-180.30952738410008	0.0	1.0e-5	0.4479535924455554
739.6374526368028	4.899919463266283e-17	5.470635613430587	0.010205184322601504	47048.65747977586	4.4204050640348027e-7	0.5327034287892817	9.661132250762016	-150.12455014828853	-6.0554544523933395e-6	1.0e-5	0.32295940234363185
# standard error
0.0	0.0	0.0	0.0	0.0	NaN	NaN	NaN	NaN	NaN	0.0	0.0
0.0	0.0	0.0	0.0	0.0	NaN	NaN	NaN	NaN	NaN	0.0	0.0
0.0	0.0	0.0	0.0	0.0	NaN	NaN	NaN	NaN	NaN	0.0	0.0
# reduced χ²
3.404853777769304
# file names
20201117-111-373-25-50.dat
20201117-111-423-25-50.dat
20201117-111-473-25-50.dat
# initial guess
198.4770456199611	9.486431330061246e-23	0.39393137638028125	7.352136731316563e-5	1754.9943264992921	4.4204050640348027e-7	0.5327034287892817	2.899355806416407	-100.0	0.001	1.0e-5	0.3947313782911697
414.1234988143997	1.4835382421027188e-19	1.7149827227028012	0.0011594099675134404	11036.33021659717	4.4204050640348027e-7	0.5327034287892817	14.667126565825388	-100.0	0.001	1.0e-5	0.4479535924455554
739.6374526368028	4.899919463266283e-17	5.470635613430587	0.010205184322601504	47048.65747977586	4.4204050640348027e-7	0.5327034287892817	30.0427904118153	-100.0	0.001	1.0e-5	0.32295940234363185
# best fit
198.4770456199611	9.486431330061246e-23	0.39393137638028125	7.352136731316563e-5	1754.9943264992921	4.4204050640348027e-7	0.5327034287892817	2.899355806416407	-100.0	0.001	1.0e-5	0.3947313782911697
414.1234988143997	1.4835382421027188e-19	1.7149827227028012	0.0011594099675134404	11036.33021659717	4.4204050640348027e-7	0.5327034287892817	14.667126565825388	-100.0	0.001	1.0e-5	0.4479535924455554
739.6374526368028	4.899919463266283e-17	5.470635613430587	0.010205184322601504	47048.65747977586	4.4204050640348027e-7	0.5327034287892817	30.0427904118153	-100.0	0.001	1.0e-5	0.32295940234363185
# standard error
0.0	0.0	0.0	0.0	0.0	NaN	NaN	0.0	0.0	0.0	0.0	0.0
0.0	0.0	0.0	0.0	0.0	NaN	NaN	0.0	0.0	0.0	0.0	0.0
0.0	0.0	0.0	0.0	0.0	NaN	NaN	0.0	0.0	0.0	0.0	0.0
# reduced χ²
31.987057109465002
# file names
20201117-111-373-25-50.dat
20201117-111-423-25-50.dat
20201117-111-473-25-50.dat
# initial guess
198.4770456199611	9.486431330061246e-23	0.39393137638028125	7.352136731316563e-5	1754.9943264992921	4.4204050640348027e-7	0.5327034287892817	2.899355806416407	-100.0	0.001	1.0e-5	0.3947313782911697
414.1234988143997	1.4835382421027188e-19	1.7149827227028012	0.0011594099675134404	11036.33021659717	4.4204050640348027e-7	0.5327034287892817	14.667126565825388	-100.0	0.001	1.0e-5	0.4479535924455554
739.6374526368028	4.899919463266283e-17	5.470635613430587	0.010205184322601504	47048.65747977586	4.4204050640348027e-7	0.5327034287892817	30.0427904118153	-100.0	0.001	1.0e-5	0.32295940234363185
# best fit
198.4770456199611	9.486431330061246e-23	0.39393137638028125	7.352136731316563e-5	1754.9943264992921	4.4204050640348027e-7	0.5327034287892817	2.899355806416407	-100.0	0.001	1.0e-5	0.3947313782911697
414.1234988143997	1.4835382421027188e-19	1.7149827227028012	0.0011594099675134404	11036.33021659717	4.4204050640348027e-7	0.5327034287892817	14.667126565825388	-100.0	0.001	1.0e-5	0.4479535924455554
739.6374526368028	4.899919463266283e-17	5.470635613430587	0.010205184322601504	47048.65747977586	4.4204050640348027e-7	0.5327034287892817	30.0427904118153	-100.0	0.001	1.0e-5	0.32295940234363185
# standard error
0.0	0.0	0.0	0.0	0.0	NaN	NaN	0.0	0.0	0.0	0.0	0.0
0.0	0.0	0.0	0.0	0.0	NaN	NaN	0.0	0.0	0.0	0.0	0.0
0.0	0.0	0.0	0.0	0.0	NaN	NaN	0.0	0.0	0.0	0.0	0.0
# reduced χ²
31.987057109465002
# file names
20201117-111-373-25-50.dat
20201117-111-423-25-50.dat
20201117-111-473-25-50.dat
# initial guess
198.4770456199611	9.486431330061246e-23	0.39393137638028125	7.352136731316563e-5	1754.9943264992921	4.4204050640348027e-7	0.5327034287892817	2.899355806416407	-100.0	0.001	1.0e-5	0.3947313782911697
414.1234988143997	1.4835382421027188e-19	1.7149827227028012	0.0011594099675134404	11036.33021659717	4.4204050640348027e-7	0.5327034287892817	14.667126565825388	-100.0	0.001	1.0e-5	0.4479535924455554
739.6374526368028	4.899919463266283e-17	5.470635613430587	0.010205184322601504	47048.65747977586	4.4204050640348027e-7	0.5327034287892817	30.0427904118153	-100.0	0.001	1.0e-5	0.32295940234363185
# best fit
198.4770456199611	9.486431330061246e-23	0.39393137638028125	7.352136731316563e-5	1754.9943264992921	4.4204050640348027e-7	0.5327034287892817	2.899355806416407	-100.0	0.001	1.0e-5	0.3947313782911697
414.1234988143997	1.4835382421027188e-19	1.7149827227028012	0.0011594099675134404	11036.33021659717	4.4204050640348027e-7	0.5327034287892817	14.667126565825388	-100.0	0.001	1.0e-5	0.4479535924455554
739.6374526368028	4.899919463266283e-17	5.470635613430587	0.010205184322601504	47048.65747977586	4.4204050640348027e-7	0.5327034287892817	30.0427904118153	-100.0	0.001	1.0e-5	0.32295940234363185
# standard error
0.0	0.0	0.0	0.0	0.0	NaN	NaN	0.0	0.0	0.0	0.0	0.0
0.0	0.0	0.0	0.0	0.0	NaN	NaN	0.0	0.0	0.0	0.0	0.0
0.0	0.0	0.0	0.0	0.0	NaN	NaN	0.0	0.0	0.0	0.0	0.0
# reduced χ²
31.987057109465002
# file names
20201117-111-373-25-50.dat
20201117-111-423-25-50.dat
20201117-111-473-25-50.dat
# initial guess
198.4770456199611	9.486431330061246e-23	0.39393137638028125	7.352136731316563e-5	1754.9943264992921	4.4204050640348027e-7	0.5327034287892817	2.899355806416407	-100.0	0.001	1.0e-5	0.3947313782911697
414.1234988143997	1.4835382421027188e-19	1.7149827227028012	0.0011594099675134404	11036.33021659717	4.4204050640348027e-7	0.5327034287892817	14.667126565825388	-100.0	0.001	1.0e-5	0.4479535924455554
739.6374526368028	4.899919463266283e-17	5.470635613430587	0.010205184322601504	47048.65747977586	4.4204050640348027e-7	0.5327034287892817	30.0427904118153	-100.0	0.001	1.0e-5	0.32295940234363185
# best fit
198.4770456199611	9.486431330061246e-23	0.39393137638028125	7.352136731316563e-5	1754.9943264992921	4.4204050640348027e-7	0.5327034287892817	2.899355806416407	-100.0	0.001	1.0e-5	0.3947313782911697
414.1234988143997	1.4835382421027188e-19	1.7149827227028012	0.0011594099675134404	11036.33021659717	4.4204050640348027e-7	0.5327034287892817	14.667126565825388	-100.0	0.001	1.0e-5	0.4479535924455554
739.6374526368028	4.899919463266283e-17	5.470635613430587	0.010205184322601504	47048.65747977586	4.4204050640348027e-7	0.5327034287892817	30.0427904118153	-100.0	0.001	1.0e-5	0.32295940234363185
# standard error
0.0	0.0	0.0	0.0	0.0	NaN	NaN	0.0	0.0	0.0	0.0	0.0
0.0	0.0	0.0	0.0	0.0	NaN	NaN	0.0	0.0	0.0	0.0	0.0
0.0	0.0	0.0	0.0	0.0	NaN	NaN	0.0	0.0	0.0	0.0	0.0
# reduced χ²
31.987057109465002
# file names
20201117-111-373-25-50.dat
20201117-111-423-25-50.dat
20201117-111-473-25-50.dat
# initial guess
198.4770456199611	9.486431330061246e-23	0.39393137638028125	7.352136731316563e-5	1754.9943264992921	4.4204050640348025e7	0.5327034287892817	2.899355806416407	-100.0	0.001	1.0e-5	0.3947313782911697
414.1234988143997	1.4835382421027188e-19	1.7149827227028012	0.0011594099675134404	11036.33021659717	4.4204050640348025e7	0.5327034287892817	14.667126565825388	-100.0	0.001	1.0e-5	0.4479535924455554
739.6374526368028	4.899919463266283e-17	5.470635613430587	0.010205184322601504	47048.65747977586	4.4204050640348025e7	0.5327034287892817	30.0427904118153	-100.0	0.001	1.0e-5	0.32295940234363185
# best fit
198.4770456199611	9.486431330061246e-23	0.39393137638028125	7.352136731316563e-5	1754.9943264992921	4.4204050640348025e7	0.5327034287892817	2.899355806416407	-100.0	0.001	1.0e-5	0.3947313782911697
414.1234988143997	1.4835382421027188e-19	1.7149827227028012	0.0011594099675134404	11036.33021659717	4.4204050640348025e7	0.5327034287892817	14.667126565825388	-100.0	0.001	1.0e-5	0.4479535924455554
739.6374526368028	4.899919463266283e-17	5.470635613430587	0.010205184322601504	47048.65747977586	4.4204050640348025e7	0.5327034287892817	30.0427904118153	-100.0	0.001	1.0e-5	0.32295940234363185
# standard error
0.0	0.0	0.0	0.0	0.0	NaN	NaN	0.0	0.0	0.0	0.0	0.0
0.0	0.0	0.0	0.0	0.0	NaN	NaN	0.0	0.0	0.0	0.0	0.0
0.0	0.0	0.0	0.0	0.0	NaN	NaN	0.0	0.0	0.0	0.0	0.0
# reduced χ²
1.2290873339770707
# file names
20201117-111-373-25-50.dat
20201117-111-423-25-50.dat
20201117-111-473-25-50.dat
# initial guess
198.4770456199611	9.486431330061246e-23	0.39393137638028125	7.352136731316563e-5	1754.9943264992921	4.420405064034803e6	0.5327034287892817	2.899355806416407	-100.0	0.001	1.0e-5	0.3947313782911697
414.1234988143997	1.4835382421027188e-19	1.7149827227028012	0.0011594099675134404	11036.33021659717	4.420405064034803e6	0.5327034287892817	14.667126565825388	-100.0	0.001	1.0e-5	0.4479535924455554
739.6374526368028	4.899919463266283e-17	5.470635613430587	0.010205184322601504	47048.65747977586	4.420405064034803e6	0.5327034287892817	30.0427904118153	-100.0	0.001	1.0e-5	0.32295940234363185
# best fit
198.4770456199611	9.486431330061246e-23	0.39393137638028125	7.352136731316563e-5	1754.9943264992921	4.420405064034803e6	0.5327034287892817	2.899355806416407	-100.0	0.001	1.0e-5	0.3947313782911697
414.1234988143997	1.4835382421027188e-19	1.7149827227028012	0.0011594099675134404	11036.33021659717	4.420405064034803e6	0.5327034287892817	14.667126565825388	-100.0	0.001	1.0e-5	0.4479535924455554
739.6374526368028	4.899919463266283e-17	5.470635613430587	0.010205184322601504	47048.65747977586	4.420405064034803e6	0.5327034287892817	30.0427904118153	-100.0	0.001	1.0e-5	0.32295940234363185
# standard error
0.0	0.0	0.0	0.0	0.0	NaN	NaN	0.0	0.0	0.0	0.0	0.0
0.0	0.0	0.0	0.0	0.0	NaN	NaN	0.0	0.0	0.0	0.0	0.0
0.0	0.0	0.0	0.0	0.0	NaN	NaN	0.0	0.0	0.0	0.0	0.0
# reduced χ²
10.88983597383688
# file names
20201117-111-373-25-50.dat
20201117-111-423-25-50.dat
20201117-111-473-25-50.dat
# initial guess
198.4770456199611	9.486431330061246e-23	0.39393137638028125	7.352136731316563e-5	1754.9943264992921	4.420405064034803e6	0.5327034287892817	2.899355806416407	-100.0	0.001	1.0e-5	0.3947313782911697
414.1234988143997	1.4835382421027188e-19	1.7149827227028012	0.0011594099675134404	11036.33021659717	4.420405064034803e6	0.5327034287892817	14.667126565825388	-100.0	0.001	1.0e-5	0.4479535924455554
739.6374526368028	4.899919463266283e-17	5.470635613430587	0.010205184322601504	47048.65747977586	4.420405064034803e6	0.5327034287892817	30.0427904118153	-100.0	0.001	1.0e-5	0.32295940234363185
# best fit
198.4770456199611	9.486431330061246e-23	0.39393137638028125	7.352136731316563e-5	1754.9943264992921	4.420405064034803e6	0.5327034287892817	2.899355806416407	-100.0	0.001	1.0e-5	0.3947313782911697
414.1234988143997	1.4835382421027188e-19	1.7149827227028012	0.0011594099675134404	11036.33021659717	4.420405064034803e6	0.5327034287892817	14.667126565825388	-100.0	0.001	1.0e-5	0.4479535924455554
739.6374526368028	4.899919463266283e-17	5.470635613430587	0.010205184322601504	47048.65747977586	4.420405064034803e6	0.5327034287892817	30.0427904118153	-100.0	0.001	1.0e-5	0.32295940234363185
# standard error
0.0	0.0	0.0	0.0	0.0	NaN	NaN	0.0	0.0	0.0	0.0	0.0
0.0	0.0	0.0	0.0	0.0	NaN	NaN	0.0	0.0	0.0	0.0	0.0
0.0	0.0	0.0	0.0	0.0	NaN	NaN	0.0	0.0	0.0	0.0	0.0
# reduced χ²
10.88983597383688
# file names
20201117-111-373-25-50.dat
20201117-111-423-25-50.dat
20201117-111-473-25-50.dat
# initial guess
198.4770456199611	9.486431330061246e-23	0.39393137638028125	7.352136731316563e-5	1754.9943264992921	4.420405064034803e6	0.5327034287892817	2.899355806416407	-100.0	0.001	1.0e-5	0.3947313782911697
414.1234988143997	1.4835382421027188e-19	1.7149827227028012	0.0011594099675134404	11036.33021659717	4.420405064034803e6	0.5327034287892817	14.667126565825388	-100.0	0.001	1.0e-5	0.4479535924455554
739.6374526368028	4.899919463266283e-17	5.470635613430587	0.010205184322601504	47048.65747977586	4.420405064034803e6	0.5327034287892817	30.0427904118153	-100.0	0.001	1.0e-5	0.32295940234363185
# best fit
198.4770456199611	9.486431330061246e-23	0.39393137638028125	7.352136731316563e-5	1754.9943264992921	4.420405064034803e6	0.5327034287892817	2.899355806416407	-100.0	0.001	1.0e-5	0.3947313782911697
414.1234988143997	1.4835382421027188e-19	1.7149827227028012	0.0011594099675134404	11036.33021659717	4.420405064034803e6	0.5327034287892817	14.667126565825388	-100.0	0.001	1.0e-5	0.4479535924455554
739.6374526368028	4.899919463266283e-17	5.470635613430587	0.010205184322601504	47048.65747977586	4.420405064034803e6	0.5327034287892817	30.0427904118153	-100.0	0.001	1.0e-5	0.32295940234363185
# standard error
0.0	0.0	0.0	0.0	0.0	NaN	NaN	0.0	0.0	0.0	0.0	0.0
0.0	0.0	0.0	0.0	0.0	NaN	NaN	0.0	0.0	0.0	0.0	0.0
0.0	0.0	0.0	0.0	0.0	NaN	NaN	0.0	0.0	0.0	0.0	0.0
# reduced χ²
10.88983597383688
# file names
20201117-111-373-25-50.dat
20201117-111-423-25-50.dat
20201117-111-473-25-50.dat
# initial guess
198.4770456199611	9.486431330061246e-23	0.39393137638028125	7.352136731316563e-5	1754.9943264992921	4.420405064034803e6	0.5327034287892817	2.899355806416407	-100.0	0.001	1.0e-5	0.3947313782911697
414.1234988143997	1.4835382421027188e-19	1.7149827227028012	0.0011594099675134404	11036.33021659717	4.420405064034803e6	0.5327034287892817	14.667126565825388	-100.0	0.001	1.0e-5	0.4479535924455554
739.6374526368028	4.899919463266283e-17	5.470635613430587	0.010205184322601504	47048.65747977586	4.420405064034803e6	0.5327034287892817	30.0427904118153	-100.0	0.001	1.0e-5	0.32295940234363185
# best fit
198.4770456199611	9.486431330061246e-23	0.39393137638028125	7.352136731316563e-5	1754.9943264992921	4.420405064034803e6	0.5327034287892817	2.899355806416407	-100.0	0.001	1.0e-5	0.3947313782911697
414.1234988143997	1.4835382421027188e-19	1.7149827227028012	0.0011594099675134404	11036.33021659717	4.420405064034803e6	0.5327034287892817	14.667126565825388	-100.0	0.001	1.0e-5	0.4479535924455554
739.6374526368028	4.899919463266283e-17	5.470635613430587	0.010205184322601504	47048.65747977586	4.420405064034803e6	0.5327034287892817	30.0427904118153	-100.0	0.001	1.0e-5	0.32295940234363185
# standard error
0.0	0.0	0.0	0.0	0.0	NaN	NaN	0.0	0.0	0.0	0.0	0.0
0.0	0.0	0.0	0.0	0.0	NaN	NaN	0.0	0.0	0.0	0.0	0.0
0.0	0.0	0.0	0.0	0.0	NaN	NaN	0.0	0.0	0.0	0.0	0.0
# reduced χ²
10.88983597383688
# file names
20201117-111-373-25-50.dat
20201117-111-423-25-50.dat
20201117-111-473-25-50.dat
# initial guess
198.4770456199611	9.486431330061246e-23	0.39393137638028125	7.352136731316563e-5	1754.9943264992921	4.420405064034803e6	0.5327034287892817	2.899355806416407	-100.0	0.001	1.0e-5	0.3947313782911697
414.1234988143997	1.4835382421027188e-19	1.7149827227028012	0.0011594099675134404	11036.33021659717	4.420405064034803e6	0.5327034287892817	14.667126565825388	-100.0	0.001	1.0e-5	0.4479535924455554
739.6374526368028	4.899919463266283e-17	5.470635613430587	0.010205184322601504	47048.65747977586	4.420405064034803e6	0.5327034287892817	30.0427904118153	-100.0	0.001	1.0e-5	0.32295940234363185
# best fit
198.4770456199611	9.486431330061246e-23	0.39393137638028125	7.352136731316563e-5	1754.9943264992921	4.420405064034803e6	0.5327034287892817	2.899355806416407	-100.0	0.001	1.0e-5	0.3947313782911697
414.1234988143997	1.4835382421027188e-19	1.7149827227028012	0.0011594099675134404	11036.33021659717	4.420405064034803e6	0.5327034287892817	14.667126565825388	-100.0	0.001	1.0e-5	0.4479535924455554
739.6374526368028	4.899919463266283e-17	5.470635613430587	0.010205184322601504	47048.65747977586	4.420405064034803e6	0.5327034287892817	30.0427904118153	-100.0	0.001	1.0e-5	0.32295940234363185
# standard error
0.0	0.0	0.0	0.0	0.0	NaN	NaN	0.0	0.0	0.0	0.0	0.0
0.0	0.0	0.0	0.0	0.0	NaN	NaN	0.0	0.0	0.0	0.0	0.0
0.0	0.0	0.0	0.0	0.0	NaN	NaN	0.0	0.0	0.0	0.0	0.0
# reduced χ²
10.88983597383688
# file names
20201117-111-373-25-50.dat
20201117-111-423-25-50.dat
20201117-111-473-25-50.dat
# initial guess
198.4770456199611	9.486431330061246e-23	0.39393137638028125	7.352136731316563e-5	1754.9943264992921	4.420405064034803e6	0.5327034287892817	2.899355806416407	-100.0	0.001	1.0e-5	0.3947313782911697
414.1234988143997	1.4835382421027188e-19	1.7149827227028012	0.0011594099675134404	11036.33021659717	4.420405064034803e6	0.5327034287892817	14.667126565825388	-100.0	0.001	1.0e-5	0.4479535924455554
739.6374526368028	4.899919463266283e-17	5.470635613430587	0.010205184322601504	47048.65747977586	4.420405064034803e6	0.5327034287892817	30.0427904118153	-100.0	0.001	1.0e-5	0.32295940234363185
# best fit
198.4770456199611	9.486431330061246e-23	0.39393137638028125	7.352136731316563e-5	1754.9943264992921	4.420405064034803e6	0.5327034287892817	2.899355806416407	-100.0	0.001	1.0e-5	0.3947313782911697
414.1234988143997	1.4835382421027188e-19	1.7149827227028012	0.0011594099675134404	11036.33021659717	4.420405064034803e6	0.5327034287892817	14.667126565825388	-100.0	0.001	1.0e-5	0.4479535924455554
739.6374526368028	4.899919463266283e-17	5.470635613430587	0.010205184322601504	47048.65747977586	4.420405064034803e6	0.5327034287892817	30.0427904118153	-100.0	0.001	1.0e-5	0.32295940234363185
# standard error
0.0	0.0	0.0	0.0	0.0	NaN	NaN	0.0	0.0	0.0	0.0	0.0
0.0	0.0	0.0	0.0	0.0	NaN	NaN	0.0	0.0	0.0	0.0	0.0
0.0	0.0	0.0	0.0	0.0	NaN	NaN	0.0	0.0	0.0	0.0	0.0
# reduced χ²
10.88983597383688
# file names
20201117-111-373-25-50.dat
20201117-111-423-25-50.dat
20201117-111-473-25-50.dat
# initial guess
198.4770456199611	9.486431330061246e-23	0.39393137638028125	7.352136731316563e-5	1754.9943264992921	4.4204050640348025e7	0.5327034287892817	2.899355806416407	-100.0	0.001	1.0e-5	0.3947313782911697
414.1234988143997	1.4835382421027188e-19	1.7149827227028012	0.0011594099675134404	11036.33021659717	4.4204050640348025e7	0.5327034287892817	14.667126565825388	-100.0	0.001	1.0e-5	0.4479535924455554
739.6374526368028	4.899919463266283e-17	5.470635613430587	0.010205184322601504	47048.65747977586	4.4204050640348025e7	0.5327034287892817	30.0427904118153	-100.0	0.001	1.0e-5	0.32295940234363185
# best fit
198.4770456199611	9.486431330061246e-23	0.39393137638028125	7.352136731316563e-5	1754.9943264992921	4.4204050640348025e7	0.5327034287892817	2.899355806416407	-100.0	0.001	1.0e-5	0.3947313782911697
414.1234988143997	1.4835382421027188e-19	1.7149827227028012	0.0011594099675134404	11036.33021659717	4.4204050640348025e7	0.5327034287892817	14.667126565825388	-100.0	0.001	1.0e-5	0.4479535924455554
739.6374526368028	4.899919463266283e-17	5.470635613430587	0.010205184322601504	47048.65747977586	4.4204050640348025e7	0.5327034287892817	30.0427904118153	-100.0	0.001	1.0e-5	0.32295940234363185
# standard error
0.0	0.0	0.0	0.0	0.0	NaN	NaN	0.0	0.0	0.0	0.0	0.0
0.0	0.0	0.0	0.0	0.0	NaN	NaN	0.0	0.0	0.0	0.0	0.0
0.0	0.0	0.0	0.0	0.0	NaN	NaN	0.0	0.0	0.0	0.0	0.0
# reduced χ²
1.2290873339770707
# file names
20201117-111-373-25-50.dat
20201117-111-423-25-50.dat
20201117-111-473-25-50.dat
# initial guess
198.4770456199611	9.486431330061246e-23	0.39393137638028125	7.352136731316563e-5	1754.9943264992921	4.420405064034803e6	0.5327034287892817	2.899355806416407	-100.0	0.001	1.0e-5	0.3947313782911697
414.1234988143997	1.4835382421027188e-19	1.7149827227028012	0.0011594099675134404	11036.33021659717	4.420405064034803e6	0.5327034287892817	14.667126565825388	-100.0	0.001	1.0e-5	0.4479535924455554
739.6374526368028	4.899919463266283e-17	5.470635613430587	0.010205184322601504	47048.65747977586	4.420405064034803e6	0.5327034287892817	30.0427904118153	-100.0	0.001	1.0e-5	0.32295940234363185
# best fit
198.4770456199611	9.486431330061246e-23	0.39393137638028125	7.352136731316563e-5	1754.9943264992921	4.420405064034803e6	0.5327034287892817	2.899355806416407	-100.0	0.001	1.0e-5	0.3947313782911697
414.1234988143997	1.4835382421027188e-19	1.7149827227028012	0.0011594099675134404	11036.33021659717	4.420405064034803e6	0.5327034287892817	14.667126565825388	-100.0	0.001	1.0e-5	0.4479535924455554
739.6374526368028	4.899919463266283e-17	5.470635613430587	0.010205184322601504	47048.65747977586	4.420405064034803e6	0.5327034287892817	30.0427904118153	-100.0	0.001	1.0e-5	0.32295940234363185
# standard error
0.0	0.0	0.0	0.0	0.0	NaN	NaN	0.0	0.0	0.0	0.0	0.0
0.0	0.0	0.0	0.0	0.0	NaN	NaN	0.0	0.0	0.0	0.0	0.0
0.0	0.0	0.0	0.0	0.0	NaN	NaN	0.0	0.0	0.0	0.0	0.0
# reduced χ²
10.88983597383688
# file names
20201117-111-373-25-50.dat
20201117-111-423-25-50.dat
20201117-111-473-25-50.dat
# initial guess
198.4770456199611	9.486431330061246e-23	0.39393137638028125	7.352136731316563e-5	1754.9943264992921	4.420405064034803e6	0.5327034287892817	2.899355806416407	-100.0	0.001	1.0e-5	0.3947313782911697
414.1234988143997	1.4835382421027188e-19	1.7149827227028012	0.0011594099675134404	11036.33021659717	4.420405064034803e6	0.5327034287892817	14.667126565825388	-100.0	0.001	1.0e-5	0.4479535924455554
739.6374526368028	4.899919463266283e-17	5.470635613430587	0.010205184322601504	47048.65747977586	4.420405064034803e6	0.5327034287892817	30.0427904118153	-100.0	0.001	1.0e-5	0.32295940234363185
# best fit
198.4770456199611	9.486431330061246e-23	0.39393137638028125	7.352136731316563e-5	1754.9943264992921	4.420405064034803e6	0.5327034287892817	2.899355806416407	-100.0	0.001	1.0e-5	0.3947313782911697
414.1234988143997	1.4835382421027188e-19	1.7149827227028012	0.0011594099675134404	11036.33021659717	4.420405064034803e6	0.5327034287892817	14.667126565825388	-100.0	0.001	1.0e-5	0.4479535924455554
739.6374526368028	4.899919463266283e-17	5.470635613430587	0.010205184322601504	47048.65747977586	4.420405064034803e6	0.5327034287892817	30.0427904118153	-100.0	0.001	1.0e-5	0.32295940234363185
# standard error
0.0	0.0	0.0	0.0	0.0	NaN	NaN	0.0	0.0	0.0	0.0	0.0
0.0	0.0	0.0	0.0	0.0	NaN	NaN	0.0	0.0	0.0	0.0	0.0
0.0	0.0	0.0	0.0	0.0	NaN	NaN	0.0	0.0	0.0	0.0	0.0
# reduced χ²
10.88983597383688
# file names
20201117-111-473-25-50.dat
# initial guess
739.6374526368028	4.899919463266283e-17	5.470635613430587	0.010205184322601504	47048.65747977586	4.420405064034803e6	0.5327034287892817	30.0427904118153	-100.0	0.001	1.0e-5	0.32295940234363185
# best fit
739.6374526368028	4.899919463266283e-17	5.470635613430587	0.010205184322601504	47048.65747977586	4.420405064034803e6	0.5327034287892817	30.0427904118153	-100.0	0.001	1.0e-5	0.32295940234363185
# standard error
0.0	0.0	0.0	0.0	0.0	NaN	NaN	0.0	0.0	0.0	0.0	0.0
# reduced χ²
20.150242461889732
# file names
20201117-111-473-25-50.dat
# initial guess
739.6374526368028	4.899919463266283e-17	5.470635613430587	0.010205184322601504	47048.65747977586	4.4204050640348025e7	0.5327034287892817	30.0427904118153	-100.0	0.001	1.0e-5	0.32295940234363185
# best fit
739.6374526368028	4.899919463266283e-17	5.470635613430587	0.010205184322601504	47048.65747977586	4.4204050640348025e7	0.5327034287892817	30.0427904118153	-100.0	0.001	1.0e-5	0.32295940234363185
# standard error
0.0	0.0	0.0	0.0	0.0	NaN	NaN	0.0	0.0	0.0	0.0	0.0
# reduced χ²
2.5075742659277074
# file names
20201117-111-473-25-50.dat
# initial guess
739.6374526368028	4.899919463266283e-17	5.470635613430587	0.010205184322601504	47048.65747977586	4.4204050640348025e7	0.5327034287892817	30.0427904118153	-100.0	0.001	1.0e-5	0.32295940234363185
# best fit
739.6374526368028	4.899919463266283e-17	5.470635613430587	0.010205184322601504	47048.65747977586	4.4204050640348025e7	0.5327034287892817	30.0427904118153	-100.0	0.001	1.0e-5	0.32295940234363185
# standard error
0.0	0.0	0.0	0.0	0.0	NaN	NaN	0.0	0.0	0.0	0.0	0.0
# reduced χ²
2.5075742659277074
# file names
20201117-111-473-25-50.dat
# initial guess
739.6374526368028	4.899919463266283e-17	5.470635613430587	0.010205184322601504	47048.65747977586	4.4204050640348025e7	0.5327034287892817	30.0427904118153	-100.0	0.001	1.0e-5	0.32295940234363185
# best fit
739.6374526368028	4.899919463266283e-17	5.470635613430587	0.010205184322601504	47048.65747977586	4.4204050640348025e7	0.5327034287892817	30.0427904118153	-100.0	0.001	1.0e-5	0.32295940234363185
# standard error
0.0	0.0	0.0	0.0	0.0	NaN	NaN	0.0	0.0	0.0	0.0	0.0
# reduced χ²
2.5075742659277074
# file names
20201117-111-473-25-50.dat
# initial guess
739.6374526368028	4.899919463266283e-17	5.470635613430587	0.010205184322601504	47048.65747977586	4.420405064034803e6	0.5327034287892817	30.0427904118153	-100.0	0.001	1.0e-5	0.32295940234363185
# best fit
739.6374526368028	4.899919463266283e-17	5.470635613430587	0.010205184322601504	47048.65747977586	4.420405064034803e6	0.5327034287892817	30.0427904118153	-100.0	0.001	1.0e-5	0.32295940234363185
# standard error
0.0	0.0	0.0	0.0	0.0	NaN	NaN	0.0	0.0	0.0	0.0	0.0
# reduced χ²
20.150242461889732
# file names
20201117-111-473-25-50.dat
# initial guess
739.6374526368028	4.899919463266283e-17	5.470635613430587	0.010205184322601504	47048.65747977586	4.420405064034803e6	0.5327034287892817	30.0427904118153	-100.0	0.001	1.0e-5	0.32295940234363185
# best fit
739.6374526368028	4.899919463266283e-17	5.470635613430587	0.010205184322601504	47048.65747977586	4.419704952903892e6	0.38422793051447823	30.0427904118153	-100.0	0.001	1.0e-5	0.32295940234363185
# standard error
0.0	0.0	0.0	0.0	0.0	27702.54807696376	0.002368573388250746	0.0	0.0	0.0	0.0	0.0
# reduced χ²
1.238685577808795
# file names
20201117-111-473-25-50.dat
# initial guess
739.6374526368028	4.899919463266283e-17	5.470635613430587	0.010205184322601504	47048.65747977586	4.420405064034803e6	0.5327034287892817	30.0427904118153	-100.0	0.001	1.0e-5	0.32295940234363185
# best fit
739.6374526368028	4.899919463266283e-17	5.470635613430587	0.010205184322601504	47048.65747977586	4.419704952903892e6	0.38422793051447823	30.0427904118153	-100.0	0.001	1.0e-5	0.32295940234363185
# standard error
0.0	0.0	0.0	0.0	0.0	27702.54807696376	0.002368573388250746	0.0	0.0	0.0	0.0	0.0
# reduced χ²
1.238685577808795
# file names
20201117-111-473-25-50.dat
# initial guess
739.6374526368028	4.899919463266283e-17	5.470635613430587	0.010205184322601504	47048.65747977586	4.42e6	0.533	30.0427904118153	-100.0	0.001	1.0e-5	0.32295940234363185
# best fit
739.6374526368028	4.899919463266283e-17	5.470635613430587	0.010205184322601504	47048.65747977586	4.060429685125086e6	0.38358391050678964	30.0427904118153	-100.0	0.001	1.0e-5	0.32295940234363185
# standard error
0.0	0.0	0.0	0.0	0.0	347987.1845441319	0.0037230161385325903	0.0	0.0	0.0	0.0	0.0
# reduced χ²
1.236879267963996
# file names
20201117-111-473-25-50.dat
# initial guess
739.6374526368028	4.899919463266283e-17	5.470635613430587	0.010205184322601504	47048.65747977586	4.42e6	0.533	30.0427904118153	-100.0	0.001	1.0e-5	0.32295940234363185
# best fit
739.6374526368028	4.899919463266283e-17	5.470635613430587	0.010205184322601504	47048.65747977586	4.42e6	0.5329939445455476	30.0427904118153	-100.0	0.001	1.0e-5	0.32295940234363185
# standard error
0.0	0.0	0.0	0.0	0.0	3.689911437972586e8	3.4015426549813084	0.0	0.0	0.0	0.0	0.0
# reduced χ²
20.249377769820253
# file names
20201117-111-473-25-50.dat
# initial guess
739.6374526368028	4.899919463266283e-17	5.470635613430587	0.010205184322601504	47048.65747977586	4.42e7	0.533	30.0427904118153	-100.0	0.001	1.0e-5	0.32295940234363185
# best fit
739.6374526368028	4.899919463266283e-17	5.470635613430587	0.010205184322601504	47048.65747977586	4.42e7	0.5329939445455476	30.0427904118153	-100.0	0.001	1.0e-5	0.32295940234363185
# standard error
0.0	0.0	0.0	0.0	0.0	3.9244348661374784e9	3.619449162945287	0.0	0.0	0.0	0.0	0.0
# reduced χ²
2.5248221612056416
# file names
20201117-111-473-25-50.dat
# initial guess
739.6374526368028	4.899919463266283e-17	5.470635613430587	0.010205184322601504	47048.65747977586	4.42e7	0.533	30.0427904118153	-100.0	0.001	1.0e-5	0.32295940234363185
# best fit
739.6374526368028	4.899919463266283e-17	5.470635613430587	0.010205184322601504	47048.65747977586	4.42e7	0.5329939445455476	30.0427904118153	-100.0	0.001	1.0e-5	0.32295940234363185
# standard error
0.0	0.0	0.0	0.0	0.0	3.9244348661374784e9	3.619449162945287	0.0	0.0	0.0	0.0	0.0
# reduced χ²
2.5248221612056416
# file names
20201117-111-473-25-50.dat
# initial guess
739.6374526368028	4.899919463266283e-17	5.470635613430587	0.010205184322601504	47048.65747977586	4.42e7	0.533	30.0427904118153	-100.0	0.001	1.0e-5	0.32295940234363185
# best fit
739.6374526368028	4.899919463266283e-17	5.470635613430587	0.010205184322601504	47048.65747977586	4.42e7	0.5329939445455476	30.0427904118153	-100.0	0.001	1.0e-5	0.32295940234363185
# standard error
0.0	0.0	0.0	0.0	0.0	3.9244348661374784e9	3.619449162945287	0.0	0.0	0.0	0.0	0.0
# reduced χ²
2.5248221612056416
# file names
20201117-111-473-25-50.dat
# initial guess
739.6374526368028	4.899919463266283e-17	5.470635613430587	0.010205184322601504	47048.65747977586	4.42e7	0.533	30.0427904118153	-100.0	0.001	1.0e-5	0.32295940234363185
# best fit
739.6374526368028	4.899919463266283e-17	5.470635613430587	0.010205184322601504	47048.65747977586	4.42e7	0.5329939445455476	30.0427904118153	-100.0	0.001	1.0e-5	0.32295940234363185
# standard error
0.0	0.0	0.0	0.0	0.0	3.9244348661374784e9	3.619449162945287	0.0	0.0	0.0	0.0	0.0
# reduced χ²
2.5248221612056416
# file names
20201117-111-473-25-50.dat
# initial guess
739.6374526368028	4.899919463266283e-17	5.470635613430587	0.010205184322601504	47048.65747977586	4.42e7	0.533	30.0427904118153	-100.0	0.001	1.0e-5	0.32295940234363185
# best fit
739.6374526368028	4.899919463266283e-17	5.470635613430587	0.010205184322601504	47048.65747977586	4.42e7	0.5329939445455476	30.0427904118153	-100.0	0.001	1.0e-5	0.32295940234363185
# standard error
0.0	0.0	0.0	0.0	0.0	3.9244348661374784e9	3.619449162945287	0.0	0.0	0.0	0.0	0.0
# reduced χ²
2.5248221612056416
# file names
20201117-111-473-25-50.dat
# initial guess
739.6374526368028	4.899919463266283e-17	5.470635613430587	0.010205184322601504	47048.65747977586	4.42e7	0.533	30.0427904118153	-100.0	0.001	1.0e-5	0.32295940234363185
# best fit
739.6374526368028	4.899919463266283e-17	5.470635613430587	0.010205184322601504	47048.65747977586	4.420000832203122e7	0.48027016645589404	30.0427904118153	-100.0	0.001	1.0e-5	0.32295940234363185
# standard error
0.0	0.0	0.0	0.0	0.0	2.4581210942995965e8	0.22614490058681722	0.0	0.0	0.0	0.0	0.0
# reduced χ²
1.236965813334319
# file names
20201117-111-473-25-50.dat
# initial guess
739.6374526368028	4.899919463266283e-17	5.470635613430587	0.010205184322601504	47048.65747977586	4.42e6	0.533	30.0427904118153	-100.0	0.001	1.0e-5	0.32295940234363185
# best fit
739.6374526368028	4.899919463266283e-17	5.470635613430587	0.010205184322601504	47048.65747977586	4.060429685125086e6	0.38358391050678964	30.0427904118153	-100.0	0.001	1.0e-5	0.32295940234363185
# standard error
0.0	0.0	0.0	0.0	0.0	347987.1845441319	0.0037230161385325903	0.0	0.0	0.0	0.0	0.0
# reduced χ²
1.236879267963996
# file names
20201117-111-473-25-50.dat
# initial guess
739.6374526368028	4.899919463266283e-17	5.470635613430587	0.010205184322601504	47048.65747977586	44200.0	0.533	30.0427904118153	-100.0	0.001	1.0e-5	0.32295940234363185
# best fit
739.6374526368028	4.899919463266283e-17	5.470635613430587	0.010205184322601504	47048.65747977586	51446.5679703792	0.26309077173225154	29.237244454879363	-113.47858829361296	0.01355411327765476	1.0e-5	0.32295940234363185
# standard error
0.0	0.0	0.0	0.0	0.0	1.1310328757332494e6	0.8961154018346706	0.2812091531857878	0.3516686018487305	0.0009925645762734615	0.0	0.0
# reduced χ²
0.16008258968759276
# file names
20201117-111-473-25-50.dat
# initial guess
739.6374526368028	4.899919463266283e-17	5.470635613430587	0.010205184322601504	47048.65747977586	44200.0	0.533	30.0427904118153	-100.0	0.001	1.0e-5	0.32295940234363185
# best fit
739.6374526368028	4.899919463266283e-17	5.470635613430587	0.010205184322601504	47048.65747977586	51446.5679703792	0.26309077173225154	29.237244454879363	-113.47858829361296	0.01355411327765476	1.0e-5	0.32295940234363185
# standard error
0.0	0.0	0.0	0.0	0.0	1.1310328757332494e6	0.8961154018346706	0.2812091531857878	0.3516686018487305	0.0009925645762734615	0.0	0.0
# reduced χ²
0.16008258968759276
# file names
20201117-111-473-25-50.dat
# initial guess
739.6374526368028	4.899919463266283e-17	5.470635613430587	0.010205184322601504	47048.65747977586	44200.0	0.533	30.0427904118153	-100.0	0.001	1.0e-5	0.32295940234363185
# best fit
739.6374526368028	4.899919463266283e-17	5.470635613430587	0.010205184322601504	47048.65747977586	51446.5679703792	0.26309077173225154	29.237244454879363	-113.47858829361296	0.01355411327765476	1.0e-5	0.32295940234363185
# standard error
0.0	0.0	0.0	0.0	0.0	1.1310328757332494e6	0.8961154018346706	0.2812091531857878	0.3516686018487305	0.0009925645762734615	0.0	0.0
# reduced χ²
0.16008258968759276
# file names
20201117-111-473-25-50.dat
# initial guess
739.6374526368028	4.899919463266283e-17	5.470635613430587	0.010205184322601504	47048.65747977586	44200.0	0.533	30.0427904118153	-100.0	0.001	1.0e-5	0.32295940234363185
# best fit
739.6374526368028	4.899919463266283e-17	5.470635613430587	0.010205184322601504	47048.65747977586	51446.5679703792	0.26309077173225154	29.237244454879363	-113.47858829361296	0.01355411327765476	1.0e-5	0.32295940234363185
# standard error
0.0	0.0	0.0	0.0	0.0	1.1310328757332494e6	0.8961154018346706	0.2812091531857878	0.3516686018487305	0.0009925645762734615	0.0	0.0
# reduced χ²
0.16008258968759276
# file names
20201117-111-473-25-50.dat
# initial guess
739.6374526368028	4.899919463266283e-17	5.470635613430587	0.010205184322601504	47048.65747977586	44200.0	0.533	30.0427904118153	-100.0	0.001	1.0e-5	0.32295940234363185
# best fit
739.6374526368028	4.899919463266283e-17	5.470635613430587	0.010205184322601504	47048.65747977586	51446.5679703792	0.26309077173225154	29.237244454879363	-113.47858829361296	0.01355411327765476	1.0e-5	0.32295940234363185
# standard error
0.0	0.0	0.0	0.0	0.0	1.1310328757332494e6	0.8961154018346706	0.2812091531857878	0.3516686018487305	0.0009925645762734615	0.0	0.0
# reduced χ²
0.16008258968759276
# file names
20201117-111-473-25-50.dat
# initial guess
739.6374526368028	4.899919463266283e-17	5.470635613430587	0.010205184322601504	47048.65747977586	44200.0	0.533	30.0427904118153	-113.4792192755004	0.001	1.0e-5	0.32295940234363185
# best fit
739.6374526368028	4.899919463266283e-17	5.470635613430587	0.010205184322601504	47048.65747977586	55839.63328978165	0.26642948727401866	29.23737209534774	-113.47829529767695	0.013548147133067269	1.0e-5	0.32295940234363185
# standard error
0.0	0.0	0.0	0.0	0.0	1.3799256029934369e6	1.0072972400546965	0.2776544010428324	0.3511674928333173	0.0009922076000317105	0.0	0.0
# reduced χ²
0.1600825848299
